
			mediawiki.org/wiki/Manual:Database_layout
			gerrit.wikimedia.org/r/plugins/gitiles/mediawiki/core/+/refs/tags/1.x.0
									gerrit /+refs
	1	1	0		2003	12	8			09:25:13
		2			2004	3	24			08:40:00
		3				8	11		12	07:14:46
		4			2005	3	20		21	03:52:58
		5				10	5		6	02:45:42
		6			2006	4	5			10:00:14
		7						7	7	16:58:58
		8						10	10	22:20:08
		9			2007			1	10	20:20:54
		10						5	9	18:27:18
		11						9	10	21:36:51
		12			2008			3	20	22:04:54
		13						8	14	14:31:10
		14			2009			2	22	10:27:52
		15						6	10	05:53:28
		16			2010			7	28	07:11:03
		17
		18
		19
		20
		21
		22
